# UV-VIS Spectrum
# X-Axis:  Excitation Energy (nm)
# Y-Axis:  Epsilon
#                  X                   Y               DY/DX
       50.0000000000        0.0000000000        0.0000000000
       50.6000000000        0.0000000000        0.0000000000
       51.2000000000        0.0000000000        0.0000000000
       51.8000000000        0.0000000000        0.0000000000
       52.4000000000        0.0000000000        0.0000000000
       53.0000000000        0.0000000000        0.0000000000
       53.6000000000        0.0000000000        0.0000000000
       54.2000000000        0.0000000000        0.0000000000
       54.8000000000        0.0000000000        0.0000000000
       55.4000000000        0.0000000000        0.0000000000
       56.0000000000        0.0000000000        0.0000000000
       56.6000000000        0.0000000000        0.0000000000
       57.2000000000        0.0000000000        0.0000000000
       57.8000000000        0.0000000000        0.0000000000
       58.4000000000        0.0000000000        0.0000000000
       59.0000000000        0.0000000000        0.0000000000
       59.6000000000        0.0000000000        0.0000000000
       60.2000000000        0.0000000000        0.0000000000
       60.8000000000        0.0000000000        0.0000000000
       61.4000000000        0.0000000000        0.0000000000
       62.0000000000        0.0000000000        0.0000000000
       62.6000000000        0.0000000000        0.0000000000
       63.2000000000        0.0000000000        0.0000000000
       63.8000000000        0.0000000000        0.0000000000
       64.4000000000        0.0000000000        0.0000000000
       65.0000000000        0.0000000000        0.0000000000
       65.6000000000        0.0000000000        0.0000000000
       66.2000000000        0.0000000000        0.0000000000
       66.8000000000        0.0000000000        0.0000000000
       67.4000000000        0.0000000000        0.0000000000
       68.0000000000        0.0000000000        0.0000000000
       68.6000000000        0.0000000000        0.0000000000
       69.2000000000        0.0000000000        0.0000000000
       69.8000000000        0.0000000000        0.0000000000
       70.4000000000        0.0000000000        0.0000000000
       71.0000000000        0.0000000000        0.0000000000
       71.6000000000        0.0000000000        0.0000000000
       72.2000000000        0.0000000000        0.0000000000
       72.8000000000        0.0000000000        0.0000000000
       73.4000000000        0.0000000000        0.0000000000
       74.0000000000        0.0000000000        0.0000000000
       74.6000000000        0.0000000000        0.0000000000
       75.2000000000        0.0000000000        0.0000000000
       75.8000000000        0.0000000000        0.0000000000
       76.4000000000        0.0000000000        0.0000000000
       77.0000000000        0.0000000000        0.0000000000
       77.6000000000        0.0000000000        0.0000000000
       78.2000000000        0.0000000000        0.0000000000
       78.8000000000        0.0000000000        0.0000000000
       79.4000000000        0.0000000000        0.0000000000
       80.0000000000        0.0000000000        0.0000000000
       80.6000000000        0.0000000000        0.0000000000
       81.2000000000        0.0000000000        0.0000000000
       81.8000000000        0.0000000000        0.0000000000
       82.4000000000        0.0000000000        0.0000000000
       83.0000000000        0.0000000000        0.0000000000
       83.6000000000        0.0000000000        0.0000000000
       84.2000000000        0.0000000000        0.0000000000
       84.8000000000        0.0000000000        0.0000000000
       85.4000000000        0.0000000000        0.0000000000
       86.0000000000        0.0000000000        0.0000000000
       86.6000000000        0.0000000000        0.0000000000
       87.2000000000        0.0000000000        0.0000000000
       87.8000000000        0.0000000000        0.0000000000
       88.4000000000        0.0000000000        0.0000000000
       89.0000000000        0.0000000000        0.0000000000
       89.6000000000        0.0000000000        0.0000000000
       90.2000000000        0.0000000000        0.0000000000
       90.8000000000        0.0000000000        0.0000000000
       91.4000000000        0.0000000000        0.0000000000
       92.0000000000        0.0000000000        0.0000000000
       92.6000000000        0.0000000000        0.0000000000
       93.2000000000        0.0000000000        0.0000000000
       93.8000000000        0.0000000000        0.0000000000
       94.4000000000        0.0000000000        0.0000000000
       95.0000000000        0.0000000000        0.0000000000
       95.6000000000        0.0000000000        0.0000000000
       96.2000000000        0.0000000000        0.0000000000
       96.8000000000        0.0000000000        0.0000000000
       97.4000000000        0.0000000000        0.0000000000
       98.0000000000        0.0000000000        0.0000000000
       98.6000000000        0.0000000000        0.0000000000
       99.2000000000        0.0000000000        0.0000000000
       99.8000000000        0.0000000000        0.0000000000
      100.4000000000        0.0000000000        0.0000000000
      101.0000000000        0.0000000000        0.0000000000
      101.6000000000        0.0000000000        0.0000000000
      102.2000000000        0.0000000000        0.0000000000
      102.8000000000        0.0000000000        0.0000000000
      103.4000000000        0.0000000001        0.0000000000
      104.0000000000        0.0000000005        0.0000000000
      104.6000000000        0.0000000028        0.0000000000
      105.2000000000        0.0000000150        0.0000000000
      105.8000000000        0.0000000747        0.0000000000
      106.4000000000        0.0000003463        0.0000000000
      107.0000000000        0.0000014955        0.0000000000
      107.6000000000        0.0000060296        0.0000000000
      108.2000000000        0.0000227420        0.0000000000
      108.8000000000        0.0000804001        0.0000000000
      109.4000000000        0.0002669262        0.0000000003
      110.0000000000        0.0008337355        0.0000000026
      110.6000000000        0.0024543695        0.0000000228
      111.2000000000        0.0068214392        0.0000001798
      111.8000000000        0.0179293820        0.0000012631
      112.4000000000        0.0446392719        0.0000079146
      113.0000000000        0.1054441757        0.0000443734
      113.6000000000        0.2366774408        0.0002232494
      114.2000000000        0.5055695454        0.0010107908
      114.8000000000        1.0293051709        0.0041296361
      115.4000000000        2.0002648626        0.0152638253
      116.0000000000        3.7157541889        0.0511659116
      116.6000000000        6.6078199151        0.1559079576
      117.2000000000       11.2657975134        0.4327787169
      117.8000000000       18.4421207676        1.0965853641
      118.4000000000       29.0320510142        2.5408999933
      119.0000000000       44.0215374665        5.3926308877
      119.6000000000       64.4046870675       10.4972822453
      120.2000000000       91.0821212114       18.7624345573
      120.8000000000      124.7610933707       30.8154221098
      121.4000000000      165.8839783579       46.5243926952
      122.0000000000      214.6103153639       64.5681592569
      122.6000000000      270.8675355171       82.3413532820
      123.2000000000      334.4682820835       96.4451093983
      123.8000000000      405.2722389468      103.7890700650
      124.4000000000      483.3537840706      102.9869263885
      125.0000000000      569.1294222999       95.4483440396
      125.6000000000      663.4041534190       85.5524232884
      126.2000000000      767.3131029746       79.6068174671
      126.8000000000      882.1593717247       83.8322692688
      127.4000000000     1009.1741655776      102.1019048666
      128.0000000000     1149.2437564352      134.3496121588
      128.6000000000     1302.6548212241      176.3329385615
      129.2000000000     1468.9040120425      220.8892161484
      129.8000000000     1646.6017969052      260.2059309115
      130.4000000000     1833.4798450709      288.2130229297
      131.0000000000     2026.4913789657      302.1751652433
      131.6000000000     2221.9796777770      302.9244464976
      132.2000000000     2415.8836399312      293.7643525046
      132.8000000000     2603.9507474237      278.6296956989
      133.4000000000     2781.9347147639      260.3566574075
      134.0000000000     2945.7644701588      239.7883329783
      134.6000000000     3091.6800516997      215.9907800258
      135.2000000000     3216.3376078975      187.3131023652
      135.8000000000     3316.8892544246      152.6591512761
      136.4000000000     3391.0443220671      112.3132690035
      137.0000000000     3437.1173513822       67.9612598947
      137.6000000000     3454.0659856786       21.9913597181
      138.2000000000     3441.5194625709      -23.4874567857
      138.8000000000     3399.7962262750      -67.3764587354
      139.4000000000     3329.9075861826     -109.7126030306
      140.0000000000     3233.5435192720     -151.1662623505
      140.6000000000     3113.0367825578     -192.1960217884
      141.2000000000     2971.3025344834     -232.2848227574
      141.8000000000     2811.7526178265     -269.6123491286
      142.4000000000     2638.1863225670     -301.3014326449
      143.0000000000     2454.6624350998     -324.1279515855
      143.6000000000     2265.3601655709     -335.4129791840
      144.2000000000     2074.4385723033     -333.7780387979
      144.8000000000     1885.9049133426     -319.5294382098
      145.4000000000     1703.5017036125     -294.5901254456
      146.0000000000     1530.6201712165     -262.0490955240
      146.6000000000     1370.2445906042     -225.4976124280
      147.2000000000     1224.9281346924     -188.3482162559
      147.8000000000     1096.7970451686     -153.2962300423
      148.4000000000      987.5766641901     -122.0116543807
      149.0000000000      898.6306716822      -95.0727042363
      149.6000000000      831.0040060046      -72.0940169621
      150.2000000000      785.4604654510      -51.9735723507
      150.8000000000      762.5077392945      -33.1817339311
      151.4000000000      762.4052825808      -14.0349184718
      152.0000000000      785.1536120181        7.0763147748
      152.6000000000      830.4668134473       31.5099480679
      153.2000000000      897.7328978716       60.2353479919
      153.8000000000      985.9687862355       93.7216212468
      154.4000000000     1093.7779186222      131.8431343848
      155.0000000000     1219.3186740595      173.8061363596
      155.6000000000     1360.2909816795      218.1130019041
      156.2000000000     1513.9468433154      262.5880528727
      156.8000000000     1677.1281994756      304.4875143366
      157.4000000000     1846.3329378690      340.7049728301
      158.0000000000     2017.8071692403      368.0648506564
      158.6000000000     2187.6594675628      383.6745911295
      159.2000000000     2351.9908337116      385.2874832224
      159.8000000000     2507.0328677103      371.6179784729
      160.4000000000     2649.2861153239      342.5535623542
      161.0000000000     2775.6507937238      299.2221672104
      161.6000000000     2883.5430206771      243.8988074067
      162.2000000000     2970.9911287074      179.7640269440
      162.8000000000     3036.7084515620      110.5532376749
      163.4000000000     3080.1409163410       40.1541663849
      164.0000000000     3101.4896559628      -27.7842646237
      164.6000000000     3101.7104938551      -90.1748459245
      165.2000000000     3082.4934082221     -144.7068195486
      165.8000000000     3046.2258711948     -189.9350552214
      166.4000000000     2995.9442480794     -225.2492509784
      167.0000000000     2935.2772559467     -250.7473745761
      167.6000000000     2868.3848861662     -267.0487043056
      168.2000000000     2799.8952936371     -275.0844614455
      168.8000000000     2734.8410693476     -275.8991417241
      169.4000000000     2678.5951739852     -270.4856789100
      170.0000000000     2636.8057464697     -259.6655719571
      170.6000000000     2615.3281262940     -244.0139782280
      171.2000000000     2620.1518338976     -223.8216645605
      171.8000000000     2657.3200022642     -199.0817080084
      172.4000000000     2732.8388771881     -169.4889839921
      173.0000000000     2852.5755020779     -134.4439623839
      173.6000000000     3022.1425429275      -93.0578259227
      174.2000000000     3246.7703285436      -44.1619276881
      174.8000000000     3531.1674946671       13.6702814090
      175.4000000000     3879.3730248200       82.0775947842
      176.0000000000     4294.6038618389      162.8299482647
      176.6000000000     4779.1035062564      257.7026309158
      177.2000000000     5333.9980116145      368.3017713905
      177.8000000000     5959.1664377824      495.8444140020
      178.4000000000     6653.1330589684      640.9050626077
      179.0000000000     7412.9883990284      803.1491575419
      179.6000000000     8234.3454706841      981.0812378299
      180.2000000000     9111.3364488929     1171.8402288760
      180.8000000000    10036.6534661631     1371.0752954057
      181.4000000000    11001.6353626314     1572.9323187915
      182.0000000000    11996.4001632556     1770.1731600386
      182.6000000000    13010.0209113753     1954.4379639671
      183.2000000000    14030.7403919922     2116.6459987335
      183.8000000000    15046.2183569262     2247.5145917810
      184.4000000000    16043.8032336480     2338.1606231318
      185.0000000000    17010.8190568360     2380.7368124149
      185.6000000000    17934.8575776039     2369.0474603372
      186.2000000000    18804.0652209288     2299.0866018992
      186.8000000000    19607.4147862198     2169.4461690515
      187.4000000000    20334.9524969235     1981.5523767134
      188.0000000000    20978.0121515954     1739.7039738968
      188.6000000000    21529.3896359506     1450.9044465556
      189.2000000000    21983.4728300302     1124.4995553006
      189.8000000000    22336.3238827295      771.6495106769
      190.4000000000    22585.7128196923      404.6796444669
      191.0000000000    22731.1033953232       36.3631365053
      191.6000000000    22773.5939002278     -320.8066248413
      192.2000000000    22715.8172110926     -655.2982366822
      192.8000000000    22561.8056585047     -957.1301911435
      193.4000000000    22316.8272475712    -1218.3267145326
      194.0000000000    21987.2003756711    -1433.2174017774
      194.6000000000    21580.0944508890    -1598.5711430840
      195.2000000000    21103.3237417222    -1713.5689041309
      195.8000000000    20565.1414171579    -1779.6321164678
      196.4000000000    19974.0401118573    -1800.1328210922
      197.0000000000    19338.5645277694    -1780.0177624858
      197.6000000000    18667.1406191322    -1725.3812424465
      198.2000000000    17967.9248611616    -1643.0209620784
      198.8000000000    17248.6760297649    -1540.0078287601
      199.4000000000    16516.6508709894    -1423.2954762366
      200.0000000000    15778.5240578602    -1299.3888021797
      200.6000000000    15040.3319533357    -1174.0839092076
      201.2000000000    14307.4389465032    -1052.2850921668
      201.8000000000    13584.5245206562     -937.8984600807
      202.4000000000    12875.5887534784     -833.7967718862
      203.0000000000    12183.9736401459     -741.8462994883
      203.6000000000    11512.3974619422     -662.9840660162
      204.2000000000    10862.9993827822     -597.3325811222
      204.8000000000    10237.3915267827     -544.3390625306
      205.4000000000     9636.7159521433     -502.9268930363
      206.0000000000     9061.7041694655     -471.6484880563
      206.6000000000     8512.7371356218     -448.8306118081
      207.2000000000     7989.9039678459     -432.7052675091
      207.8000000000     7493.0579490942     -421.5214144050
      208.4000000000     7021.8687195415     -413.6347833598
      209.0000000000     6575.8698576174     -407.5748629143
      209.6000000000     6154.5013373830     -402.0896364934
      210.2000000000     5757.1466002256     -396.1698305373
      210.8000000000     5383.1641933728     -389.0552739791
      211.4000000000     5031.9141035616     -380.2264867546
      212.0000000000     4702.7790513490     -369.3848417397
      212.6000000000     4395.1811117200     -356.4246254551
      213.2000000000     4108.5940928413     -341.4001094001
      213.8000000000     3842.5521409670     -324.4903892363
      214.4000000000     3596.6550501438     -305.9643045497
      215.0000000000     3370.5707452948     -286.1472640784
      215.6000000000     3164.0353812709     -265.3913097167
      216.2000000000     2976.8514631640     -244.0492889081
      216.8000000000     2808.8843487719     -222.4535923978
      217.4000000000     2660.0574463258     -200.8995677120
      218.0000000000     2530.3463725902     -179.6334456862
      218.6000000000     2419.7722907520     -158.8444189632
      219.2000000000     2328.3946060860     -138.6603836104
      219.8000000000     2256.3031615472     -119.1467900101
      220.4000000000     2203.6100460246     -100.3080366510
      221.0000000000     2170.4411053053      -82.0908687544
      221.6000000000     2156.9272297823      -64.3893009163
      222.2000000000     2163.1954831469      -47.0506577686
      222.8000000000     2189.3601320774      -29.8824088511
      223.4000000000     2235.5136373761      -12.6595548059
      224.0000000000     2301.7176711396        4.8676051957
      224.6000000000     2387.9942312968       22.9654351595
      225.2000000000     2494.3169331773       41.9087199303
      225.8000000000     2620.6025666426       61.9722596571
      226.4000000000     2766.7030157942       83.4223333401
      227.0000000000     2932.3976455369      106.5080711044
      227.6000000000     3117.3862646139      131.4527956159
      228.2000000000     3321.2827776013      158.4454238966
      228.8000000000     3543.6096383361      187.6320578560
      229.4000000000     3783.7932141181      219.1079309895
      230.0000000000     4041.1601636615      252.9099157749
      230.6000000000     4314.9349222216      289.0098273814
      231.2000000000     4604.2383747501      327.3087809205
      231.8000000000     4908.0877826207      367.6328687462
      232.4000000000     5225.3980117922      409.7304191843
      233.0000000000     5554.9840906764      453.2710773662
      233.6000000000     5895.5651049802      497.8469123467
      234.2000000000     6245.7694149190      542.9757031966
      234.8000000000     6604.1411580204      588.1064919999
      235.4000000000     6969.1479788136      632.6274162593
      236.0000000000     7339.1899055678      675.8757504445
      236.6000000000     7712.6092744079      717.1500001722
      237.2000000000     8087.7015830653      755.7238069867
      237.8000000000     8462.7271406144      790.8613412093
      238.4000000000     8835.9233661338      821.8337889926
      239.0000000000     9205.5175785955      847.9364813255
      239.6000000000     9569.7401125941      868.5061704583
      240.2000000000     9926.8375899125      882.9379354616
      240.8000000000    10275.0861754008      890.7011949096
      241.4000000000    10612.8046471911      891.3543214877
      242.0000000000    10938.3671157739      884.5573902022
      242.6000000000    11250.2152337464      870.0826473385
      243.2000000000    11546.8697478879      847.8223590350
      243.8000000000    11826.9412573495      817.7937832262
      244.4000000000    12089.1400558482      780.1411030779
      245.0000000000    12332.2849514953      735.1342598603
      245.6000000000    12555.3109749032      683.1647242581
      246.2000000000    12757.2759041377      624.7383432550
      246.8000000000    12937.3655535432      560.4654910442
      247.4000000000    13094.8977921052      491.0488334353
      248.0000000000    13229.3252754896      417.2690830709
      248.6000000000    13340.2368938748      339.9691752300
      249.2000000000    13427.3579548886      260.0373296564
      249.8000000000    13490.5491371094      178.3894820544
      250.4000000000    13529.8042644624       95.9515697818
      251.0000000000    13545.2469652474       13.6421406745
      251.6000000000    13537.1262913384      -67.6442766481
      252.2000000000    13505.8113831669     -147.0526462226
      252.8000000000    13451.7852743979     -223.7814013105
      253.4000000000    13375.6379366746     -297.0946455586
      254.0000000000    13278.0586694703     -366.3323674263
      254.6000000000    13159.8279429691     -430.9185261108
      255.2000000000    13021.8088030705     -490.3669364643
      255.8000000000    12864.9379471797     -544.2849469297
      256.4000000000    12690.2165775035     -592.3749662157
      257.0000000000    12498.7011352762     -634.4339495568
      257.6000000000    12291.4940148168     -670.3510026151
      258.2000000000    12069.7343507420     -700.1032994808
      258.8000000000    11834.5889651846     -723.7505403289
      259.4000000000    11587.2435546580     -741.4281939809
      260.0000000000    11328.8941884344     -753.3397811848
      260.6000000000    11060.7391821244     -759.7484564089
      261.2000000000    10783.9714017128     -760.9681401737
      261.8000000000    10499.7710447664     -757.3544414229
      262.4000000000    10209.2989370162     -749.2955912884
      263.0000000000     9913.6903741558     -737.2035870369
      263.6000000000     9614.0495305900     -721.5057192120
      264.2000000000     9311.4444491211     -702.6366271842
      264.8000000000     9006.9026182403     -681.0309995951
      265.4000000000     8701.4071368783     -657.1170075357
      266.0000000000     8395.8934602072     -631.3105305964
      266.6000000000     8091.2467144141     -604.0102098987
      267.2000000000     7788.2995633190     -575.5933384338
      267.8000000000     7487.8306052845     -546.4125779258
      268.4000000000     7190.5632750869     -516.7934732685
      269.0000000000     6897.1652222563     -487.0327205217
      269.6000000000     6608.2481348532     -457.3971324931
      270.2000000000     6324.3679756907     -428.1232370192
      270.8000000000     6046.0255966168     -399.4174370126
      271.4000000000     5773.6676955977     -371.4566579388
      272.0000000000     5507.6880809550     -344.3894073419
      272.6000000000     5248.4292071635     -318.3371720399
      273.2000000000     4996.1839470697     -293.3960813359
      273.8000000000     4751.1975661952     -269.6387687021
      274.4000000000     4513.6698659030     -247.1163695730
      275.0000000000     4283.7574635780     -225.8605988297
      275.6000000000     4061.5761795677     -205.8858579815
      276.2000000000     3847.2035023978     -187.1913287217
      276.8000000000     3640.6811056812     -169.7630162164
      277.4000000000     3442.0173921468     -153.5757120168
      278.0000000000     3251.1900422759     -138.5948527044
      278.6000000000     3068.1485471404     -124.7782561844
      279.2000000000     2892.8167071337     -112.0777228425
      279.8000000000     2725.0950803704     -100.4404935310
      280.4000000000     2564.8633665653      -89.8105605083
      281.0000000000     2411.9827141750      -80.1298310343
      281.6000000000     2266.2979404794      -71.3391463076
      282.2000000000     2127.6396560798      -63.3791608684
      282.8000000000     1995.8262869881      -56.1910895006
      283.4000000000     1870.6659890666      -49.7173300975
      284.0000000000     1751.9584510463      -43.9019719639
      284.6000000000     1639.4965837006      -38.6911996462
      285.2000000000     1533.0680939782      -34.0336026845
      285.8000000000     1432.4569440007      -29.8804017037
      286.4000000000     1337.4446958214      -26.1856010544
      287.0000000000     1247.8117437016      -22.9060778344
      287.6000000000     1163.3384364233      -20.0016165990
      288.2000000000     1083.8060927982      -17.4348984430
      288.8000000000     1008.9979140804      -15.1714524501
      289.4000000000      938.6997974376      -13.1795767736
      290.0000000000      872.7010549933      -11.4302358672
      290.6000000000      810.7950432303       -9.8969396447
      291.2000000000      752.7797077428       -8.5556096267
      291.8000000000      698.4580484576       -7.3844364442
      292.4000000000      647.6385105132       -6.3637324253
      293.0000000000      600.1353059994       -5.4757823883
      293.6000000000      555.7686717247       -4.7046952241
      294.2000000000      514.3650681023       -4.0362583527
      294.8000000000      475.7573241306       -3.4577967032
      295.4000000000      439.7847333025       -2.9580374773
      296.0000000000      406.2931051024       -2.5269816236
      296.6000000000      375.1347765655       -2.1557826586
      297.2000000000      346.1685881609       -1.8366332279
      297.8000000000      319.2598280448       -1.5626595981
      298.4000000000      294.2801485008       -1.3278240993
      299.0000000000      271.1074581502       -1.1268354095
      299.6000000000      249.6257932811       -0.9550664594
      300.2000000000      229.7251714099       -0.8084796617
      300.8000000000      211.3014299545       -0.6835591063
      301.4000000000      194.2560526709       -0.5772493232
      302.0000000000      178.4959862830       -0.4869001883
      302.6000000000      163.9334495182       -0.4102175377
      303.2000000000      150.4857365562       -0.3452190495
      303.8000000000      138.0750166983       -0.2901949613
      304.4000000000      126.6281318803       -0.2436732026
      305.0000000000      116.0763934690       -0.2043885364
      305.6000000000      106.3553796201       -0.1712553296
      306.2000000000       97.4047343157       -0.1433435885
      306.8000000000       89.1679690545       -0.1198579251
      307.4000000000       81.5922680332       -0.1001191411
      308.0000000000       74.6282975334       -0.0835481437
      308.6000000000       68.2300201105       -0.0696519313
      309.2000000000       62.3545140807       -0.0580114091
      309.8000000000       56.9617987049       -0.0482708197
      310.4000000000       52.0146653799       -0.0401285945
      311.0000000000       47.4785150751       -0.0333294495
      311.6000000000       43.3212021772       -0.0276575717
      312.2000000000       39.5128848479       -0.0229307555
      312.8000000000       36.0258819437       -0.0189953669
      313.4000000000       32.8345364969       -0.0157220263
      314.0000000000       29.9150857184       -0.0130019131
      314.6000000000       27.2455374440       -0.0107436096
      315.2000000000       24.8055529156       -0.0088704085
      315.8000000000       22.5763357627       -0.0073180199
      316.4000000000       20.5405270291       -0.0060326226
      317.0000000000       18.6821060682       -0.0049692093
      317.6000000000       16.9862971200       -0.0040901840
      318.2000000000       15.4394813694       -0.0033641752
      318.8000000000       14.0291142780       -0.0027650328
      319.4000000000       12.7436479746       -0.0022709810
      320.0000000000       11.5724584888       -0.0018639050
      320.6000000000       10.5057776076       -0.0015287504
      321.2000000000        9.5346291365       -0.0012530181
      321.8000000000        8.6507693480       -0.0010263401
      322.4000000000        7.8466314045       -0.0008401247
      323.0000000000        7.1152735434       -0.0006872581
      323.6000000000        6.4503308208       -0.0005618555
      324.2000000000        5.8459702131       -0.0004590534
      324.8000000000        5.2968488829       -0.0003748353
      325.4000000000        4.7980754235       -0.0003058873
      326.0000000000        4.3451738996       -0.0002494771
      326.6000000000        3.9340505142       -0.0002033542
      327.2000000000        3.5609627341       -0.0001656660
      327.8000000000        3.2224907178       -0.0001348889
      328.4000000000        2.9155108938       -0.0001097706
      329.0000000000        2.6371715479       -0.0000892827
      329.6000000000        2.3848702833       -0.0000725813
      330.2000000000        2.1562332242       -0.0000589743
      330.8000000000        1.9490958438       -0.0000478944
      331.4000000000        1.7614853004       -0.0000388773
      332.0000000000        1.5916041747       -0.0000315428
      332.6000000000        1.4378155076       -0.0000255801
      333.2000000000        1.2986290419       -0.0000207351
      333.8000000000        1.1726885808       -0.0000168002
      334.4000000000        1.0587603783       -0.0000136061
      335.0000000000        0.9557224844       -0.0000110145
      335.6000000000        0.8625549718       -0.0000089128
      336.2000000000        0.7783309766       -0.0000072091
      336.8000000000        0.7022084897       -0.0000058288
      337.4000000000        0.6334228399       -0.0000047109
      338.0000000000        0.5712798143       -0.0000038059
      338.6000000000        0.5151493648       -0.0000030736
      339.2000000000        0.4644598544       -0.0000024813
      339.8000000000        0.4186927991       -0.0000020024
      340.4000000000        0.3773780644       -0.0000016154
      341.0000000000        0.3400894807       -0.0000013027
      341.6000000000        0.3064408415       -0.0000010502
      342.2000000000        0.2760822535       -0.0000008463
      342.8000000000        0.2486968085       -0.0000006818
      343.4000000000        0.2239975499       -0.0000005491
      344.0000000000        0.2017247106       -0.0000004421
      344.6000000000        0.1816431959       -0.0000003559
      345.2000000000        0.1635402940       -0.0000002864
      345.8000000000        0.1472235917       -0.0000002304
      346.4000000000        0.1325190791       -0.0000001853
      347.0000000000        0.1192694261       -0.0000001489
      347.6000000000        0.1073324165       -0.0000001197
      348.2000000000        0.0965795244       -0.0000000962
      348.8000000000        0.0868946223       -0.0000000773
      349.4000000000        0.0781728071       -0.0000000621
