# UV-VIS Spectrum
# X-Axis:  Excitation Energy (nm)
# Y-Axis:  Epsilon
#                  X                   Y               DY/DX
       50.0000000000        0.0000000000        0.0000000000
       50.6000000000        0.0000000000        0.0000000000
       51.2000000000        0.0000000000        0.0000000000
       51.8000000000        0.0000000000        0.0000000000
       52.4000000000        0.0000000000        0.0000000000
       53.0000000000        0.0000000000        0.0000000000
       53.6000000000        0.0000000000        0.0000000000
       54.2000000000        0.0000000000        0.0000000000
       54.8000000000        0.0000000000        0.0000000000
       55.4000000000        0.0000000000        0.0000000000
       56.0000000000        0.0000000000        0.0000000000
       56.6000000000        0.0000000000        0.0000000000
       57.2000000000        0.0000000000        0.0000000000
       57.8000000000        0.0000000000        0.0000000000
       58.4000000000        0.0000000000        0.0000000000
       59.0000000000        0.0000000000        0.0000000000
       59.6000000000        0.0000000000        0.0000000000
       60.2000000000        0.0000000000        0.0000000000
       60.8000000000        0.0000000000        0.0000000000
       61.4000000000        0.0000000000        0.0000000000
       62.0000000000        0.0000000000        0.0000000000
       62.6000000000        0.0000000000        0.0000000000
       63.2000000000        0.0000000000        0.0000000000
       63.8000000000        0.0000000000        0.0000000000
       64.4000000000        0.0000000000        0.0000000000
       65.0000000000        0.0000000000        0.0000000000
       65.6000000000        0.0000000000        0.0000000000
       66.2000000000        0.0000000000        0.0000000000
       66.8000000000        0.0000000000        0.0000000000
       67.4000000000        0.0000000000        0.0000000000
       68.0000000000        0.0000000000        0.0000000000
       68.6000000000        0.0000000000        0.0000000000
       69.2000000000        0.0000000000        0.0000000000
       69.8000000000        0.0000000000        0.0000000000
       70.4000000000        0.0000000000        0.0000000000
       71.0000000000        0.0000000000        0.0000000000
       71.6000000000        0.0000000000        0.0000000000
       72.2000000000        0.0000000000        0.0000000000
       72.8000000000        0.0000000000        0.0000000000
       73.4000000000        0.0000000000        0.0000000000
       74.0000000000        0.0000000000        0.0000000000
       74.6000000000        0.0000000000        0.0000000000
       75.2000000000        0.0000000000        0.0000000000
       75.8000000000        0.0000000000        0.0000000000
       76.4000000000        0.0000000000        0.0000000000
       77.0000000000        0.0000000000        0.0000000000
       77.6000000000        0.0000000000        0.0000000000
       78.2000000000        0.0000000000        0.0000000000
       78.8000000000        0.0000000000        0.0000000000
       79.4000000000        0.0000000000        0.0000000000
       80.0000000000        0.0000000000        0.0000000000
       80.6000000000        0.0000000000        0.0000000000
       81.2000000000        0.0000000000        0.0000000000
       81.8000000000        0.0000000000        0.0000000000
       82.4000000000        0.0000000000        0.0000000000
       83.0000000000        0.0000000000        0.0000000000
       83.6000000000        0.0000000000        0.0000000000
       84.2000000000        0.0000000000        0.0000000000
       84.8000000000        0.0000000000        0.0000000000
       85.4000000000        0.0000000000        0.0000000000
       86.0000000000        0.0000000000        0.0000000000
       86.6000000000        0.0000000000        0.0000000000
       87.2000000000        0.0000000000        0.0000000000
       87.8000000000        0.0000000000        0.0000000000
       88.4000000000        0.0000000000        0.0000000000
       89.0000000000        0.0000000000        0.0000000000
       89.6000000000        0.0000000000        0.0000000000
       90.2000000000        0.0000000000        0.0000000000
       90.8000000000        0.0000000000        0.0000000000
       91.4000000000        0.0000000000        0.0000000000
       92.0000000000        0.0000000000        0.0000000000
       92.6000000000        0.0000000000        0.0000000000
       93.2000000000        0.0000000000        0.0000000000
       93.8000000000        0.0000000000        0.0000000000
       94.4000000000        0.0000000000        0.0000000000
       95.0000000000        0.0000000000        0.0000000000
       95.6000000000        0.0000000000        0.0000000000
       96.2000000000        0.0000000000        0.0000000000
       96.8000000000        0.0000000000        0.0000000000
       97.4000000000        0.0000000002        0.0000000000
       98.0000000000        0.0000000013        0.0000000000
       98.6000000000        0.0000000090        0.0000000000
       99.2000000000        0.0000000564        0.0000000000
       99.8000000000        0.0000003281        0.0000000000
      100.4000000000        0.0000017665        0.0000000000
      101.0000000000        0.0000088181        0.0000000000
      101.6000000000        0.0000408598        0.0000000000
      102.2000000000        0.0001759245        0.0000000003
      102.8000000000        0.0007045870        0.0000000038
      103.4000000000        0.0026279836        0.0000000372
      104.0000000000        0.0091397401        0.0000003156
      104.6000000000        0.0296794316        0.0000023558
      105.2000000000        0.0901187630        0.0000156760
      105.8000000000        0.2562557708        0.0000942380
      106.4000000000        0.6834673550        0.0005177991
      107.0000000000        1.7125886204        0.0026205388
      107.6000000000        4.0382829216        0.0122442969
      108.2000000000        8.9757768500        0.0526844712
      108.8000000000       18.8366352034        0.2076251324
      109.4000000000       37.3862840730        0.7449431239
      110.0000000000       70.2935008400        2.4212585371
      110.6000000000      125.4066512155        7.1048206123
      111.2000000000      212.6317950427       18.7861931190
      111.8000000000      343.1848837069       44.7280479357
      112.4000000000      528.0811612937       95.8895337490
      113.0000000000      775.9193465263      185.1565736910
      113.6000000000     1090.2798778794      322.0846440945
      114.2000000000     1467.3023556400      504.5720301604
      114.8000000000     1894.1324248323      710.8581621320
      115.4000000000     2348.8502831727      897.5442777292
      116.0000000000     2802.1956334946     1008.3130613948
      116.6000000000     3220.9571259541      992.7721991243
      117.2000000000     3572.4357386410      827.9890859537
      117.8000000000     3829.0750842681      531.7473564736
      118.4000000000     3972.2860981114      159.6722266512
      119.0000000000     3994.6994389628     -213.2646768246
      119.6000000000     3900.4829329722     -518.1140703440
      120.2000000000     3703.8291752152     -712.5414360160
      120.8000000000     3426.1083317614     -788.6697985341
      121.4000000000     3092.3943923667     -767.3881239682
      122.0000000000     2728.0803475365     -684.4533491264
      122.6000000000     2356.1363945109     -575.8366813403
      123.2000000000     1995.3136436354     -467.9226477646
      123.8000000000     1659.3392681603     -374.4302536129
      124.4000000000     1356.9522111057     -298.6326568621
      125.0000000000     1092.5217313990     -237.9320652195
      125.6000000000      866.9715856713     -188.1221210422
      126.2000000000      678.7761030323     -145.9311401683
      126.8000000000      524.8688267482     -109.7445552778
      127.4000000000      401.3816828797      -79.1732744008
      128.0000000000      304.1947377516      -54.2714664988
      128.6000000000      229.3163556508      -34.9425756927
      129.2000000000      173.1320660932      -20.7111118382
      129.8000000000      132.5631938267      -10.7836651069
      130.4000000000      105.1697690204       -4.2318470278
      131.0000000000       89.2217446707       -0.1579036249
      131.6000000000       83.7515121855        2.2234646162
      132.2000000000       88.5908236730        3.5911124528
      132.8000000000      104.3871481282        4.5850578578
      133.4000000000      132.5884813157        5.9075632685
      134.0000000000      175.3820356269        8.4406311111
      134.6000000000      235.5715890294       13.3708979265
      135.2000000000      316.3811502256       22.3076726772
      135.8000000000      421.1793218002       37.3597390831
      136.4000000000      553.1290555983       61.1093755826
      137.0000000000      714.7803410754       96.4036575231
      137.6000000000      907.6368853961      145.8926465560
      138.2000000000     1131.7395868797      211.2960260691
      138.8000000000     1385.3169751477      292.4743351163
      139.4000000000     1664.5536036542      386.4971285520
      140.0000000000     1963.5203977859      486.9965715401
      140.6000000000     2274.2962942302      584.1209610957
      141.2000000000     2587.2897349853      665.3208153788
      141.8000000000     2891.7445589682      717.0077069183
      142.4000000000     3176.3912134377      726.8666963803
      143.0000000000     3430.1847493777      686.3591941543
      143.6000000000     3643.0589314864      592.8165435281
      144.2000000000     3806.6229479654      450.5599072298
      144.8000000000     3914.7340627385      270.6953352354
      145.4000000000     3963.8949423902       69.5649124931
      146.0000000000     3953.4458243483     -133.8187083044
      146.6000000000     3885.5458655755     -320.7760871428
      147.2000000000     3764.9614078881     -475.7433076409
      147.8000000000     3598.6983857479     -588.2744920177
      148.4000000000     3395.5293987114     -653.9437070625
      149.0000000000     3165.4718948724     -674.1148131486
      149.6000000000     2919.2724358107     -654.8009977794
      150.2000000000     2667.9441123290     -604.9903542235
      150.8000000000     2422.3915486347     -534.8482252503
      151.4000000000     2193.1426437919     -454.1382901933
      152.0000000000     1990.1903708679     -371.0742982341
      152.6000000000     1822.9334749036     -291.6707793317
      153.2000000000     1700.1932555717     -219.5425448200
      153.8000000000     1630.2757592996     -156.0305701722
      154.4000000000     1621.0450939307     -100.5095002455
      155.0000000000     1679.9742047151      -50.7502182155
      155.6000000000     1814.1439150943       -3.2540927403
      156.2000000000     2030.1686467837       46.4724795195
      156.8000000000     2334.0370946563      103.6870411277
      157.4000000000     2730.8672250229      174.1733626608
      158.0000000000     3224.5862260035      263.9317365576
      158.6000000000     3817.5564230145      378.7377328601
      159.2000000000     4510.1767281312      523.5357084265
      159.8000000000     5300.4951229688      701.6754741902
      160.4000000000     6183.8704038062      914.0519949740
      161.0000000000     7152.7206401369     1158.2589759421
      161.6000000000     8196.3915162802     1427.9059897903
      162.2000000000     9301.1702601835     1712.2639794087
      162.8000000000    10450.4608314363     1996.3871189689
      163.4000000000    11625.1243045866     2261.8074860188
      164.0000000000    12803.9759725128     2487.8177050553
      164.6000000000    13964.4187019387     2653.2582293582
      165.2000000000    15083.1815503095     2738.6284666088
      165.8000000000    16137.1245039446     2728.2646935647
      166.4000000000    17104.0650906184     2612.2901060800
      167.0000000000    17963.5809291996     2388.0538372247
      167.6000000000    18697.7440562988     2060.8369269823
      168.2000000000    19291.7478530776     1643.7042975847
      168.8000000000    19734.3950500716     1156.5047312457
      169.4000000000    20018.4248745138      624.1433008402
      170.0000000000    20140.6680621548       74.3509012424
      170.6000000000    20102.0292911237     -464.7631366005
      171.2000000000    19907.3067695399     -967.0752028726
      171.8000000000    19564.8675072799    -1410.4601423429
      172.4000000000    19086.2036891194    -1778.2530813121
      173.0000000000    18485.4002120628    -2060.0514060650
      173.6000000000    17778.5457379738    -2251.8433594239
      174.2000000000    16983.1196260782    -2355.5344890367
      174.8000000000    16117.3850981833    -2378.0059059848
      175.4000000000    15199.8153269345    -2329.8731061216
      176.0000000000    14248.5742754661    -2224.1206694255
      176.6000000000    13281.0685361252    -2074.7707665425
      177.2000000000    12313.5805836944    -1895.7092661387
      177.8000000000    11360.9881933988    -1699.7506242145
      178.4000000000    10436.5696209805    -1497.9793725520
      179.0000000000     9551.8897580575    -1299.3679503083
      179.6000000000     8716.7590244721    -1110.6416422694
      180.2000000000     7939.2543144323     -936.3430341708
      180.8000000000     7225.7898694497     -779.0403013160
      181.4000000000     6581.2254377085     -639.6241175719
      182.0000000000     6008.9993772949     -517.6446142260
      182.6000000000     5511.2753188412     -411.6500892759
      183.2000000000     5089.0924551294     -319.5007791443
      183.8000000000     4742.5113027883     -238.6421601894
      184.4000000000     4470.7487254697     -166.3317302157
      185.0000000000     4272.2979774139      -99.8203700980
      185.6000000000     4145.0314025699      -36.4940069310
      186.2000000000     4086.2851145089       26.0164578863
      186.8000000000     4092.9264195760       89.7487547251
      187.4000000000     4161.4058885045      156.3394540841
      188.0000000000     4287.7968114028      226.9660789630
      188.6000000000     4467.8252887257      302.2990921086
      189.2000000000     4696.8944340041      382.4643567584
      189.8000000000     4970.1061229076      467.0188584537
      190.4000000000     5282.2834570002      554.9439268184
      191.0000000000     5627.9966645765      644.6607232027
      191.6000000000     6001.5945833656      734.0722957612
      192.2000000000     6397.2432090671      820.6351010037
      192.8000000000     6808.9720960535      901.4607148205
      193.4000000000     7230.7287047413      973.4457642016
      194.0000000000     7656.4401414186     1033.4252257720
      194.6000000000     8080.0811617302     1078.3415097764
      195.2000000000     8495.7468325415     1105.4195173133
      195.8000000000     8897.7278851977     1112.3364116676
      196.4000000000     9280.5865556108     1097.3743826827
      197.0000000000     9639.2305955011     1059.5452972327
      197.6000000000     9968.9831504632      998.6777892178
      198.2000000000    10265.6463247275      915.4599028750
      198.8000000000    10525.5564753719      811.4336193878
      199.4000000000    10745.6295826782      688.9411567016
      200.0000000000    10923.3954084098      551.0264934261
      200.6000000000    11057.0195589559      401.2987959875
      201.2000000000    11145.3129944837      243.7670355840
      201.8000000000    11187.7289483770       82.6568545785
      202.4000000000    11184.3476250585      -77.7784392346
      203.0000000000    11135.8494130654     -233.4410273923
      203.6000000000    11043.4776712285     -380.5552160023
      204.2000000000    10908.9924095442     -515.8086823249
      204.8000000000    10734.6163867796     -636.4617969742
      205.4000000000    10522.9752812570     -740.4211126497
      206.0000000000    10277.0336599863     -826.2757865758
      206.6000000000    10000.0284774209     -893.2982075209
      207.2000000000     9695.4017839978     -941.4122476430
      207.8000000000     9366.7342234521     -971.1342254814
      208.4000000000     9017.6807551349     -983.4927783241
      209.0000000000     8651.9098624148     -979.9343857229
      209.6000000000     8273.0473101866     -962.2212967973
      210.2000000000     7884.6253028554     -932.3281669345
      210.8000000000     7490.0376776633     -892.3429056331
      211.4000000000     7092.5015547983     -844.3761906272
      212.0000000000     6695.0256622091     -790.4829289662
      212.6000000000     6300.3853650889     -732.5977489754
      213.2000000000     5911.1042619235     -672.4854768521
      213.8000000000     5529.4420639117     -611.7065557259
      214.4000000000     5157.3883542812     -551.5965481552
      215.0000000000     4796.6617292518     -493.2582479618
      215.6000000000     4448.7137528468     -437.5645171483
      216.2000000000     4114.7371122755     -385.1697457256
      216.8000000000     3795.6773373922     -336.5277824200
      217.4000000000     3492.2474444467     -291.9142711434
      218.0000000000     3204.9448783063     -251.4515173961
      218.6000000000     2934.0701556899     -215.1342662962
      219.2000000000     2679.7466517753     -182.8550683679
      219.8000000000     2441.9410209776     -154.4282138135
      220.4000000000     2220.4837970224     -129.6115094620
      221.0000000000     2015.0897751867     -108.1254394167
      221.6000000000     1825.3778385448      -89.6694806023
      222.2000000000     1650.8899483491      -73.9355328023
      222.8000000000     1491.1090747395      -60.6185682518
      223.4000000000     1345.4758965751      -49.4247103859
      224.0000000000     1213.4041474036      -40.0770190289
      224.6000000000     1094.2945278073      -32.3192955730
      225.2000000000      987.5471422268      -25.9182325122
      225.8000000000      892.5724507565      -20.6642230961
      226.4000000000      808.8007533806      -16.3711244543
      227.0000000000      735.6902459268      -12.8752362924
      227.6000000000      672.7337040051      -10.0337213191
      228.2000000000      619.4638638147       -7.7226562538
      228.8000000000      575.4575774571       -5.8348660642
      229.4000000000      540.3388258221       -4.2776607352
      230.0000000000      513.7806747581       -2.9705644798
      230.6000000000      495.5062606426       -1.8431024294
      231.2000000000      485.2888901285       -0.8326896631
      231.8000000000      482.9513362344        0.1173482036
      232.4000000000      488.3644094808        1.0596050892
      233.0000000000      501.4448788205        2.0442651310
      233.6000000000      522.1528129703        3.1206085290
      234.2000000000      550.4884086744        4.3383491319
      234.8000000000      586.4883686067        5.7488004268
      235.4000000000      630.2218881813        7.4058652806
      236.0000000000      681.7863075900        9.3668426132
      236.6000000000      741.3024829379       11.6930416431
      237.2000000000      808.9099284376       14.4501918880
      237.8000000000      884.7617801861       17.7086350976
      238.4000000000      969.0196310550       21.5432840976
      239.0000000000     1061.8482855739       26.0333333824
      239.6000000000     1163.4104832989       31.2617074438
      240.2000000000     1273.8616389196       37.3142353853
      240.8000000000     1393.3446471656       44.2785444341
      241.4000000000     1521.9848003180       52.2426705072
      242.0000000000     1659.8848657086       61.2933909363
      242.6000000000     1807.1203699078       71.5142926473
      243.2000000000     1963.7351352737       82.9835982712
      243.8000000000     2129.7371130957       95.7717825393
      244.4000000000     2305.0945556551      109.9390214976
      245.0000000000     2489.7325671117      125.5325271413
      245.6000000000     2683.5300701874      142.5838295728
      246.2000000000     2886.3172221458      161.1060772278
      246.8000000000     3097.8733095885      181.0914326535
      247.4000000000     3317.9251471222      202.5086462966
      248.0000000000     3546.1460000448      225.3008933940
      248.6000000000     3782.1550459171      249.3839590281
      249.2000000000     4025.5173842899      274.6448534966
      249.8000000000     4275.7445980313      300.9409342286
      250.4000000000     4532.2958637274      328.0996015563
      251.0000000000     4794.5796026043      355.9186238643
      251.6000000000     5061.9556574327      384.1671332208
      252.2000000000     5333.7379750230      412.5873159349
      252.8000000000     5609.1977682892      440.8968040643
      253.4000000000     5887.5671265430      468.7917542754
      254.0000000000     6168.0430377558      495.9505803051
      254.6000000000     6449.7917820711      522.0382852523
      255.2000000000     6731.9536519255      546.7113207598
      255.8000000000     7013.6479508050      569.6228825216
      256.4000000000     7293.9782199564      590.4285361113
      257.0000000000     7572.0376403423      608.7920544635
      257.6000000000     7846.9145557675      624.3913389323
      258.2000000000     8117.6980624550      636.9242900689
      258.8000000000     8383.4836103725      646.1144923537
      259.4000000000     8643.3785623278      651.7165791783
      260.0000000000     8896.5076582021      653.5211503658
      260.6000000000     9142.0183336719      651.3591242595
      261.2000000000     9379.0858453150      645.1054195849
      261.8000000000     9606.9181570661      634.6818784699
      262.4000000000     9824.7605465184      620.0593606551
      263.0000000000    10031.8998935025      601.2589594432
      263.6000000000    10227.6686176378      578.3523116477
      264.2000000000    10411.4482360831      551.4609960305
      264.8000000000    10582.6725174371      520.7550367748
      265.4000000000    10740.8302125891      486.4505497530
      266.0000000000    10885.4673482200      448.8065891191
      266.6000000000    11016.1890735465      408.1212695193
      267.2000000000    11132.6610557160      364.7272545237
      267.8000000000    11234.6104239377      318.9867143642
      268.4000000000    11321.8262669295      271.2858654714
      269.0000000000    11394.1596925097      222.0292104742
      269.6000000000    11451.5234621377      171.6336002378
      270.2000000000    11493.8912168606      120.5222392213
      270.8000000000    11521.2963144322       69.1187521020
      271.4000000000    11533.8303003049       17.8414234901
      272.0000000000    11531.6410377482      -32.9022860499
      272.6000000000    11514.9305244944      -82.7208551536
      273.2000000000    11483.9524250626     -131.2433678682
      273.8000000000    11439.0093492588     -178.1236644437
      274.4000000000    11380.4499083003     -223.0439246815
      275.0000000000    11308.6655805833     -265.7176466399
      275.6000000000    11224.0874193113     -305.8919982716
      276.2000000000    11127.1826340591     -343.3495339174
      276.8000000000    11018.4510778736     -377.9092811506
      277.4000000000    10898.4216707426     -409.4272159770
      278.0000000000    10767.6487892265     -437.7961555986
      278.6000000000    10626.7086507593     -462.9451076643
      279.2000000000    10476.1957196378     -484.8381230340
      279.8000000000    10316.7191600399     -503.4727055030
      280.4000000000    10148.8993595938     -518.8778366525
      281.0000000000     9973.3645450761     -531.1116770427
      281.6000000000     9790.7475097872     -540.2590064161
      282.2000000000     9601.6824700644     -546.4284655462
      282.8000000000     9406.8020662668     -549.7496609797
      283.4000000000     9206.7345214373     -550.3701913458
      284.0000000000     9002.1009687354     -548.4526503198
      284.6000000000     8793.5129566530     -544.1716569037
      285.2000000000     8581.5701390121     -537.7109586295
      285.8000000000     8366.8581547971     -529.2606477595
      286.4000000000     8149.9467010177     -519.0145247509
      287.0000000000     7931.3878000497     -507.1676373173
      287.6000000000     7711.7142612587     -493.9140175114
      288.2000000000     7491.4383351916     -479.4446334990
      288.8000000000     7271.0505572308     -463.9455672152
      289.4000000000     7051.0187763428     -447.5964239641
      290.0000000000     6831.7873634248     -430.5689753404
      290.6000000000     6613.7765927610     -413.0260326423
      291.2000000000     6397.3821892352     -395.1205442698
      291.8000000000     6182.9750332216     -376.9949074596
      292.4000000000     5970.9010144655     -358.7804821133
      293.0000000000     5761.4810257919     -340.5972924172
      293.6000000000     5555.0110871092     -322.5539003984
      294.2000000000     5351.7625899267     -304.7474345026
      294.8000000000     5151.9826524497     -287.2637556545
      295.4000000000     4955.8945752663     -270.1777430426
      296.0000000000     4763.6983876679     -253.5536820104
      296.6000000000     4575.5714747647     -237.4457368733
      297.2000000000     4391.6692757397     -221.8984921872
      297.8000000000     4212.1260438349     -206.9475469014
      298.4000000000     4037.0556589693     -192.6201469056
      299.0000000000     3866.5524842424     -178.9358426757
      299.6000000000     3700.6922579686     -165.9071599984
      300.2000000000     3539.5330133170     -153.5402730748
      300.8000000000     3383.1160180832     -141.8356706375
      301.4000000000     3231.4667275940     -130.7888070304
      302.0000000000     3084.5957442308     -120.3907314835
      302.6000000000     2942.4997775536     -110.6286900315
      303.2000000000     2805.1625995064     -101.4866956791
      303.8000000000     2672.5559896783      -92.9460634745
      304.4000000000     2544.6406660866      -84.9859081313
      305.0000000000     2421.3671974304      -77.5836027074
      305.6000000000     2302.6768932269      -70.7151976330
      306.2000000000     2188.5026687001      -64.3558000510
      306.8000000000     2078.7698817221      -58.4799140179
      307.4000000000     1973.3971395244      -53.0617425996
      308.0000000000     1872.2970732882      -48.0754532977
      308.6000000000     1775.3770790943      -43.4954085581
      309.2000000000     1682.5400240593      -39.2963633608
      309.8000000000     1593.6849168103      -35.4536320612
      310.4000000000     1508.7075417450      -31.9432267724
      311.0000000000     1427.5010568023      -28.7419696355
      311.6000000000     1349.9565547184      -25.8275813450
      312.2000000000     1275.9635879668      -23.1787482688
      312.8000000000     1205.4106577887      -20.7751704509
      313.4000000000     1138.1856678980      -18.5975926982
      314.0000000000     1074.1763436058      -16.6278208531
      314.6000000000     1013.2706172489      -14.8487252334
      315.2000000000      955.3569809238      -13.2442330896
      315.8000000000      900.3248076311      -11.7993117951
      316.4000000000      848.0646420163      -10.4999443414
      317.0000000000      798.4684619615       -9.3330985684
      317.6000000000      751.4299123332       -8.2866914212
      318.2000000000      706.8445122308       -7.3495493868
      318.8000000000      664.6098371042       -6.5113661318
      319.4000000000      624.6256771246       -5.7626582396
      320.0000000000      586.7941731935       -5.0947198251
      320.6000000000      551.0199319703       -4.4995766983
      321.2000000000      517.2101212852       -3.9699406449
      321.8000000000      485.2745472786       -3.4991643002
      322.4000000000      455.1257145851       -3.0811970095
      323.0000000000      426.6788708417       -2.7105419915
      323.6000000000      399.8520367640       -2.3822150544
      324.2000000000      374.5660229909       -2.0917050558
      324.8000000000      350.7444348524       -1.8349362440
      325.4000000000      328.3136661680       -1.6082325729
      326.0000000000      307.2028831315       -1.4082840464
      326.6000000000      287.3439992883       -1.2321151120
      327.2000000000      268.6716425580       -1.0770550969
      327.8000000000      251.1231152025       -0.9407106583
      328.4000000000      234.6383475874       -0.8209401989
      329.0000000000      219.1598465332       -0.7158301853
      329.6000000000      204.6326389987       -0.6236732948
      330.2000000000      191.0042117914       -0.5429483083
      330.8000000000      178.2244479482       -0.4723016608
      331.4000000000      166.2455603830       -0.4105305566
      332.0000000000      155.0220233508       -0.3565675565
      332.6000000000      144.5105022321       -0.3094665397
      333.2000000000      134.6697821022       -0.2683899498
      333.8000000000      125.4606955040       -0.2325972304
      334.4000000000      116.8460498083       -0.2014343628
      335.0000000000      108.7905545048       -0.1743244191
      335.6000000000      101.2607487358       -0.1507590490
      336.2000000000       94.2249293484       -0.1302908222
      336.8000000000       87.6530797108       -0.1125263529
      337.4000000000       81.5167995104       -0.0971201374
      338.0000000000       75.7892357233       -0.0837690398
      338.6000000000       70.4450149193       -0.0722073665
      339.2000000000       65.4601770428       -0.0622024720
      339.8000000000       60.8121107909       -0.0535508468
      340.4000000000       56.4794906860       -0.0460746379
      341.0000000000       52.4422159250       -0.0396185592
      341.6000000000       48.6813510694       -0.0340471525
      342.2000000000       45.1790686249       -0.0292423613
      342.8000000000       41.9185935464       -0.0251013861
      343.4000000000       38.8841496898       -0.0215347897
      344.0000000000       36.0609082235       -0.0184648261
      344.6000000000       33.4349379991       -0.0158239681
      345.2000000000       30.9931578755       -0.0135536119
      345.8000000000       28.7232909788       -0.0116029387
      346.4000000000       26.6138208764       -0.0099279146
      347.0000000000       24.6539496362       -0.0084904142
      347.6000000000       22.8335577366       -0.0072574529
      348.2000000000       21.1431657890       -0.0062005141
      348.8000000000       19.5738980299       -0.0052949625
      349.4000000000       18.1174475366       -0.0045195306
