# UV-VIS Spectrum
# X-Axis:  Excitation Energy (nm)
# Y-Axis:  Epsilon
#                  X                   Y               DY/DX
       50.0000000000        0.0000000000        0.0000000000
       50.6000000000        0.0000000000        0.0000000000
       51.2000000000        0.0000000000        0.0000000000
       51.8000000000        0.0000000000        0.0000000000
       52.4000000000        0.0000000000        0.0000000000
       53.0000000000        0.0000000000        0.0000000000
       53.6000000000        0.0000000000        0.0000000000
       54.2000000000        0.0000000000        0.0000000000
       54.8000000000        0.0000000000        0.0000000000
       55.4000000000        0.0000000000        0.0000000000
       56.0000000000        0.0000000000        0.0000000000
       56.6000000000        0.0000000000        0.0000000000
       57.2000000000        0.0000000000        0.0000000000
       57.8000000000        0.0000000000        0.0000000000
       58.4000000000        0.0000000000        0.0000000000
       59.0000000000        0.0000000000        0.0000000000
       59.6000000000        0.0000000000        0.0000000000
       60.2000000000        0.0000000000        0.0000000000
       60.8000000000        0.0000000000        0.0000000000
       61.4000000000        0.0000000000        0.0000000000
       62.0000000000        0.0000000000        0.0000000000
       62.6000000000        0.0000000000        0.0000000000
       63.2000000000        0.0000000000        0.0000000000
       63.8000000000        0.0000000000        0.0000000000
       64.4000000000        0.0000000000        0.0000000000
       65.0000000000        0.0000000000        0.0000000000
       65.6000000000        0.0000000000        0.0000000000
       66.2000000000        0.0000000000        0.0000000000
       66.8000000000        0.0000000000        0.0000000000
       67.4000000000        0.0000000000        0.0000000000
       68.0000000000        0.0000000000        0.0000000000
       68.6000000000        0.0000000000        0.0000000000
       69.2000000000        0.0000000000        0.0000000000
       69.8000000000        0.0000000000        0.0000000000
       70.4000000000        0.0000000000        0.0000000000
       71.0000000000        0.0000000000        0.0000000000
       71.6000000000        0.0000000000        0.0000000000
       72.2000000000        0.0000000000        0.0000000000
       72.8000000000        0.0000000000        0.0000000000
       73.4000000000        0.0000000000        0.0000000000
       74.0000000000        0.0000000000        0.0000000000
       74.6000000000        0.0000000000        0.0000000000
       75.2000000000        0.0000000000        0.0000000000
       75.8000000000        0.0000000000        0.0000000000
       76.4000000000        0.0000000000        0.0000000000
       77.0000000000        0.0000000000        0.0000000000
       77.6000000000        0.0000000000        0.0000000000
       78.2000000000        0.0000000000        0.0000000000
       78.8000000000        0.0000000000        0.0000000000
       79.4000000000        0.0000000000        0.0000000000
       80.0000000000        0.0000000000        0.0000000000
       80.6000000000        0.0000000000        0.0000000000
       81.2000000000        0.0000000000        0.0000000000
       81.8000000000        0.0000000000        0.0000000000
       82.4000000000        0.0000000000        0.0000000000
       83.0000000000        0.0000000000        0.0000000000
       83.6000000000        0.0000000000        0.0000000000
       84.2000000000        0.0000000000        0.0000000000
       84.8000000000        0.0000000000        0.0000000000
       85.4000000000        0.0000000000        0.0000000000
       86.0000000000        0.0000000000        0.0000000000
       86.6000000000        0.0000000000        0.0000000000
       87.2000000000        0.0000000000        0.0000000000
       87.8000000000        0.0000000000        0.0000000000
       88.4000000000        0.0000000000        0.0000000000
       89.0000000000        0.0000000000        0.0000000000
       89.6000000000        0.0000000000        0.0000000000
       90.2000000000        0.0000000000        0.0000000000
       90.8000000000        0.0000000000        0.0000000000
       91.4000000000        0.0000000000        0.0000000000
       92.0000000000        0.0000000000        0.0000000000
       92.6000000000        0.0000000000        0.0000000000
       93.2000000000        0.0000000000        0.0000000000
       93.8000000000        0.0000000000        0.0000000000
       94.4000000000        0.0000000000        0.0000000000
       95.0000000000        0.0000000000        0.0000000000
       95.6000000000        0.0000000000        0.0000000000
       96.2000000000        0.0000000000        0.0000000000
       96.8000000000        0.0000000000        0.0000000000
       97.4000000000        0.0000000000        0.0000000000
       98.0000000000        0.0000000000        0.0000000000
       98.6000000000        0.0000000000        0.0000000000
       99.2000000000        0.0000000000        0.0000000000
       99.8000000000        0.0000000000        0.0000000000
      100.4000000000        0.0000000000        0.0000000000
      101.0000000000        0.0000000000        0.0000000000
      101.6000000000        0.0000000000        0.0000000000
      102.2000000000        0.0000000000        0.0000000000
      102.8000000000        0.0000000000        0.0000000000
      103.4000000000        0.0000000000        0.0000000000
      104.0000000000        0.0000000000        0.0000000000
      104.6000000000        0.0000000000        0.0000000000
      105.2000000000        0.0000000000        0.0000000000
      105.8000000000        0.0000000002        0.0000000000
      106.4000000000        0.0000000009        0.0000000000
      107.0000000000        0.0000000052        0.0000000000
      107.6000000000        0.0000000268        0.0000000000
      108.2000000000        0.0000001288        0.0000000000
      108.8000000000        0.0000005786        0.0000000000
      109.4000000000        0.0000024349        0.0000000000
      110.0000000000        0.0000096142        0.0000000000
      110.6000000000        0.0000356832        0.0000000000
      111.2000000000        0.0001247116        0.0000000000
      111.8000000000        0.0004111324        0.0000000001
      112.4000000000        0.0012805822        0.0000000011
      113.0000000000        0.0037746852        0.0000000099
      113.6000000000        0.0105457449        0.0000000796
      114.2000000000        0.0279674351        0.0000005748
      114.8000000000        0.0705087552        0.0000037289
      115.4000000000        0.1692255842        0.0000218017
      116.0000000000        0.3871873851        0.0001152048
      116.6000000000        0.8456508651        0.0005516494
      117.2000000000        1.7653951455        0.0023997733
      117.8000000000        3.5271543051        0.0095071282
      118.4000000000        6.7526612702        0.0343805783
      119.0000000000       12.4027013585        0.1137438271
      119.6000000000       21.8805918032        0.3449935386
      120.2000000000       37.1195917722        0.9612329305
      120.8000000000       60.6233006175        2.4648535911
      121.4000000000       95.4228365898        5.8270238105
      122.0000000000      144.9177002562       12.7196053281
      122.6000000000      212.5818881072       25.6724501365
      123.2000000000      301.5434160902       47.9649625414
      123.8000000000      414.0802206696       83.0264027848
      124.4000000000      551.1104959702      133.2157126437
      125.0000000000      711.7803043996      198.1245088709
      125.6000000000      893.2555323059      272.9353129242
      126.2000000000     1090.8027241960      347.6762373876
      126.8000000000     1298.1947440661      408.1890464139
      127.4000000000     1508.4112611276      439.1224924502
      128.0000000000     1714.5357837922      428.3930208438
      128.6000000000     1910.6978768647      371.7101034590
      129.2000000000     2092.8862248522      275.4180670613
      129.8000000000     2259.4731807690      156.3290395193
      130.4000000000     2411.3425844094       38.2822894641
      131.0000000000     2551.5888727948      -53.6140257721
      131.6000000000     2684.8394745971      -99.2769292700
      132.2000000000     2816.3252111530      -88.5922864323
      132.8000000000     2950.8692454827      -23.6930783081
      133.4000000000     3091.9753504735       81.8258765175
      134.0000000000     3241.1708117653      206.2837447161
      134.6000000000     3397.7058833354      324.8387267950
      135.2000000000     3558.6433627927      414.7184072762
      135.8000000000     3719.3032458562      459.6072615034
      136.4000000000     3873.9715088383      452.3399099851
      137.0000000000     4016.7475354697      395.4725223994
      137.6000000000     4142.3948117606      299.7941629422
      138.2000000000     4247.0723619548      181.3103639109
      138.8000000000     4328.8542711150       57.5676797126
      139.4000000000     4387.9838837123      -55.7171687914
      140.0000000000     4426.8501838066     -146.9477806323
      140.6000000000     4449.7101583020     -209.4918010560
      141.2000000000     4462.2085298322     -241.1948275236
      141.8000000000     4470.7633592006     -243.0658035265
      142.4000000000     4481.8928425823     -217.7957400142
      143.0000000000     4501.5566367049     -168.6791453606
      143.6000000000     4534.5763059085      -99.2303774026
      144.2000000000     4584.1861258661      -13.4518284294
      144.8000000000     4651.7493732990       83.5543338127
      145.4000000000     4736.6579089660      185.0516812550
      146.0000000000     4836.4155700538      282.5773241951
      146.6000000000     4946.8897110964      366.4767803744
      147.2000000000     5062.7011796025      427.0230167991
      147.8000000000     5177.7120359098      455.8803543735
      148.4000000000     5285.5632545503      447.5644828234
      149.0000000000     5380.2120601742      400.5480764577
      149.6000000000     5456.4206656257      317.7541668859
      150.2000000000     5510.1547421404      206.3295871238
      150.8000000000     5538.8602323984       76.7523575472
      151.4000000000     5541.5999750033      -58.5415129061
      152.0000000000     5519.0456299311     -186.7514171773
      152.6000000000     5473.3340764544     -296.2550783394
      153.2000000000     5407.8094020317     -377.8755568828
      153.8000000000     5326.6806930140     -425.7269427176
      154.4000000000     5234.6313522853     -437.5839498361
      155.0000000000     5136.4173335190     -414.8007540018
      155.6000000000     5036.4896670969     -361.8608335141
      156.2000000000     4938.6715059442     -285.6682093999
      156.8000000000     4845.9124595078     -194.6948394119
      157.4000000000     4760.1341775354      -98.0868529235
      158.0000000000     4682.1719823095       -4.8124926458
      158.6000000000     4611.8087329329       77.0861447830
      159.2000000000     4547.8897737458      141.0935484655
      159.8000000000     4488.5022860093      182.6441313385
      160.4000000000     4431.1989020986      199.3519144589
      161.0000000000     4373.2440970039      191.0425841671
      161.6000000000     4311.8624840146      159.5975655106
      162.2000000000     4244.4703958370      108.6342767231
      162.8000000000     4168.8756131082       43.0606980053
      163.4000000000     4083.4343461100      -31.4464580164
      164.0000000000     3987.1591217010     -108.9846238726
      164.6000000000     3879.7756588017     -183.9345076802
      165.2000000000     3761.7307883107     -251.3881235410
      165.8000000000     3634.1567346451     -307.4615863606
      166.4000000000     3498.7994717954     -349.4752923758
      167.0000000000     3357.9203373183     -376.0015761915
      167.6000000000     3214.1806573777     -386.7953367335
      168.2000000000     3070.5188968148     -382.6342939047
      168.8000000000     2930.0289410379     -365.1012987144
      169.4000000000     2795.8467112430     -336.3413971187
      170.0000000000     2671.0505920247     -298.8220340733
      170.6000000000     2558.5792869574     -255.1174273907
      171.2000000000     2461.1688721706     -207.7295516837
      171.8000000000     2381.3091232940     -158.9500461480
      172.4000000000     2321.2177491996     -110.7609854912
      173.0000000000     2282.8300452254      -64.7685517768
      173.6000000000     2267.8007149143      -22.1623396282
      174.2000000000     2277.5142085999       16.3060725678
      174.8000000000     2313.0998694532       50.3292923784
      175.4000000000     2375.4484220750       80.0361166936
      176.0000000000     2465.2268293266      105.9678722482
      176.6000000000     2582.8892141151      129.0360285078
      177.2000000000     2728.6823242771      150.4578815071
      177.8000000000     2902.6448412426      171.6684850356
      178.4000000000     3104.6006324470      194.2096672734
      179.0000000000     3334.1467677176      219.6004351067
      179.6000000000     3590.6377164471      249.1966980709
      180.2000000000     3873.1675835807      284.0513589998
      180.8000000000     4180.5525102218      324.7878072681
      181.4000000000     4511.3154544379      371.5002660386
      182.0000000000     4863.6754875066      423.6930740373
      182.6000000000     5235.5435089863      480.2678793410
      183.2000000000     5624.5259275923      539.5632039270
      183.8000000000     6027.9374066426      599.4454390885
      184.4000000000     6442.8232684411      657.4447340963
      185.0000000000     6865.9916272407      710.9241738918
      185.6000000000     7294.0548089878      757.2667820132
      186.2000000000     7723.4791472063      794.0627569530
      186.8000000000     8150.6418417170      819.2792509794
      187.4000000000     8571.8932473166      831.3969565621
      188.0000000000     8983.6227330299      829.5015283874
      188.6000000000     9382.3261223765      813.3229510977
      189.2000000000     9764.6726885349      783.2217088364
      189.8000000000    10127.5697277028      740.1262932095
      190.4000000000    10468.2228579951      685.4315018074
      191.0000000000    10784.1903762143      620.8705559326
      191.6000000000    11073.4302360169      548.3759294465
      192.2000000000    11334.3384737095      469.9437982596
      192.8000000000    11565.7781884482      387.5153060991
      193.4000000000    11767.0984699643      302.8847266130
      194.0000000000    11938.1429491049      217.6405703407
      194.6000000000    12079.2479166693      133.1413018759
      195.2000000000    12191.2302085418       50.5231584425
      195.8000000000    12275.3652861423      -29.2659207185
      196.4000000000    12333.3561484112     -105.4146847003
      197.0000000000    12367.2938937091     -177.1889252505
      197.6000000000    12379.6109066366     -243.8734128700
      198.2000000000    12373.0277757444     -304.7239042983
      198.8000000000    12350.4951533577     -358.9357347989
      199.4000000000    12315.1318481919     -405.6330067395
      200.0000000000    12270.1604948123     -443.8796994950
      200.6000000000    12218.8421709099     -472.7114703193
      201.2000000000    12164.4113334195     -491.1847472870
      201.8000000000    12110.0124173661     -498.4381087220
      202.4000000000    12058.6393870033     -493.7599859191
      203.0000000000    12013.0794477347     -476.6564221785
      203.6000000000    11975.8620205587     -446.9129080879
      204.2000000000    11949.2139501636     -404.6450797242
      204.8000000000    11935.0217658968     -350.3341761498
      205.4000000000    11934.8016450459     -284.8444625547
      206.0000000000    11949.6775442956     -209.4212033027
      206.6000000000    11980.3677725935     -125.6691039543
      207.2000000000    12027.1800821161      -35.5123488666
      207.8000000000    12090.0151589860       58.8616153665
      208.4000000000    12168.3782072425      155.0715923484
      209.0000000000    12261.3981435259      250.6219054274
      209.6000000000    12367.8537607612      342.9875302739
      210.2000000000    12486.2060809711      429.7010547588
      210.8000000000    12614.6360035729      508.4374858570
      211.4000000000    12751.0862685947      577.0931565844
      212.0000000000    12893.3066956645      633.8553762323
      212.6000000000    13038.9016299004      677.2599917352
      213.2000000000    13185.3785244731      706.2346618312
      213.8000000000    13330.1966152562      720.1263604149
      214.4000000000    13470.8146934370      718.7123892524
      215.0000000000    13604.7370543674      702.1949578209
      215.6000000000    13729.5567919007      671.1801421691
      216.2000000000    13842.9957132306      626.6427278608
      216.8000000000    13942.9402658580      569.8790389777
      217.4000000000    14027.4729917559      502.4503254156
      218.0000000000    14094.8991501729      426.1196012264
      218.6000000000    14143.7682761436      342.7849837611
      219.2000000000    14172.8905633179      254.4125735890
      219.8000000000    14181.3480742791      162.9717460880
      220.4000000000    14168.5008866602       70.3754148092
      221.0000000000    14133.9883771861      -21.5725997179
      221.6000000000    14077.7259268937     -111.2214717999
      222.2000000000    13999.8973983490     -197.1074762214
      222.8000000000    13900.9437893340     -277.9777988957
      223.4000000000    13781.5485072955     -352.8040979691
      224.0000000000    13642.6197353156     -420.7863512463
      224.6000000000    13485.2703742777     -481.3479384664
      225.2000000000    13310.7960483442     -534.1232253433
      225.8000000000    13120.6516530829     -578.9391316681
      226.4000000000    12916.4269089846     -615.7922770839
      227.0000000000    12699.8213591503     -644.8233111105
      227.6000000000    12472.6192200683     -666.2899599751
      228.2000000000    12236.6644600747     -680.5401772420
      228.8000000000    11993.8364426480     -687.9865860638
      229.4000000000    11746.0264323675     -689.0831669439
      230.0000000000    11495.1152212708     -684.3048944919
      230.6000000000    11242.9520934439     -674.1307763934
      231.2000000000    10991.3353067607     -659.0305117094
      231.8000000000    10741.9942334193     -639.4547745958
      232.4000000000    10496.5732657839     -615.8289511685
      233.0000000000    10256.6175614096     -588.5500158546
      233.6000000000    10023.5606712215     -557.9861305014
      234.2000000000     9798.7140677679     -524.4784835956
      234.8000000000     9583.2585663003     -488.3448550289
      235.4000000000     9378.2376100954     -449.8843894425
      236.0000000000     9184.5523728284     -409.3830829826
      236.6000000000     9002.9586147739     -367.1195287403
      237.2000000000     8834.0652159787     -323.3705197953
      237.8000000000     8678.3342981258     -278.4161706872
      238.4000000000     8536.0828373865     -232.5442840201
      239.0000000000     8407.4856629548     -186.0537552892
      239.6000000000     8292.5797299834     -139.2568732354
      240.2000000000     8191.2695511306      -92.4804331839
      240.8000000000     8103.3336677321      -46.0656356802
      241.4000000000     8028.4320396059       -0.3667916086
      242.0000000000     7966.1142315629       44.2511024231
      242.6000000000     7915.8282747536       87.4158183227
      243.2000000000     7876.9300819405      128.7522500907
      243.8000000000     7848.6932975963      167.8875121863
      244.4000000000     7830.3194663334      204.4566095929
      245.0000000000     7820.9484065229      238.1084934769
      245.6000000000     7819.6686800262      268.5123087031
      246.2000000000     7825.5280536941      295.3636371129
      246.8000000000     7837.5438536518      318.3905432775
      247.4000000000     7854.7131193325      337.3592372693
      248.0000000000     7876.0224707079      352.0791816458
      248.6000000000     7900.4576091257      362.4074870203
      249.2000000000     7927.0123795517      368.2524618747
      249.8000000000     7954.6973297519      369.5762071172
      250.4000000000     7982.5477099686      366.3961736086
      251.0000000000     8009.6308648683      358.7856306896
      251.6000000000     8035.0529778787      346.8730247302
      252.2000000000     8057.9651364096      330.8402379458
      252.8000000000     8077.5686947786      310.9197881900
      253.4000000000     8093.1199198465      287.3910391830
      254.0000000000     8103.9339123398      260.5755167614
      254.6000000000     8109.3878044975      230.8314494415
      255.2000000000     8108.9232419720      198.5476701956
      255.8000000000     8102.0481647557      164.1370303636
      256.4000000000     8088.3379082415      128.0294857170
      257.0000000000     8067.4356513065       90.6650187412
      257.6000000000     8039.0522434815       52.4865602566
      258.2000000000     8002.9654478110       13.9330677934
      258.8000000000     7959.0186398924      -24.5670919256
      259.4000000000     7907.1190067911      -62.6023229218
      260.0000000000     7847.2352920656      -99.7834259021
      260.6000000000     7779.3951350040     -135.7485732947
      261.2000000000     7703.6820533873     -170.1675576629
      261.8000000000     7620.2321196795     -202.7452598814
      262.4000000000     7529.2303805312     -233.2243057130
      263.0000000000     7430.9070689104     -261.3869011253
      263.6000000000     7325.5336570822     -287.0558572044
      264.2000000000     7213.4187970976     -310.0948342987
      264.8000000000     7094.9041934745     -330.4078516421
      265.4000000000     6970.3604504064     -347.9381228038
      266.0000000000     6840.1829331827     -362.6662886973
      266.6000000000     6704.7876805922     -374.6081284305
      267.2000000000     6564.6074019736     -383.8118339934
      267.8000000000     6420.0875893180     -390.3549377482
      268.4000000000     6271.6827714770     -394.3409820748
      269.0000000000     6119.8529341309     -395.8960185725
      269.6000000000     5965.0601257706     -395.1650202085
      270.2000000000     5807.7652665848     -392.3082840565
      270.8000000000     5648.4251738655     -387.4978951313
      271.4000000000     5487.4898143701     -380.9143136365
      272.0000000000     5325.3997910528     -372.7431390524
      272.6000000000     5162.5840687109     -363.1720952151
      273.2000000000     4999.4579404177     -352.3882711789
      273.8000000000     4836.4212341348     -340.5756434801
      274.4000000000     4673.8567566403     -327.9128966428
      275.0000000000     4512.1289698673     -314.5715506009
      275.6000000000     4351.5828929394     -300.7143962725
      276.2000000000     4192.5432216028     -286.4942339387
      276.8000000000     4035.3136554023     -272.0529034129
      277.4000000000     3880.1764218057     -257.5205902625
      278.0000000000     3727.3919855660     -243.0153885732
      278.6000000000     3577.1989308855     -228.6430978997
      279.2000000000     3429.8140034284     -214.4972300660
      279.8000000000     3285.4322988813     -200.6592003152
      280.4000000000     3144.2275845877     -187.1986768637
      281.0000000000     3006.3527407614     -174.1740631153
      281.6000000000     2871.9403079010     -161.6330875327
      282.2000000000     2741.1031272691     -149.6134773568
      282.8000000000     2613.9350616514     -138.1436939161
      283.4000000000     2490.5117840552     -127.2437090876
      284.0000000000     2370.8916225322     -116.9258044732
      284.6000000000     2255.1164499003     -107.1953769734
      285.2000000000     2143.2126077857      -98.0517365953
      285.8000000000     2035.1918550873      -89.4888844780
      286.4000000000     1931.0523316819      -81.4962612000
      287.0000000000     1830.7795289179      -74.0594574136
      287.6000000000     1734.3472591849      -67.1608807014
      288.2000000000     1641.7186175880      -60.7803742446
      288.8000000000     1552.8469294845      -54.8957844212
      289.4000000000     1467.6766783568      -49.4834758026
      290.0000000000     1386.1444091933      -44.5187931899
      290.6000000000     1308.1796032137      -39.9764713271
      291.2000000000     1233.7055204180      -35.8309937560
      291.8000000000     1162.6400070415      -32.0569029413
      292.4000000000     1094.8962655692      -28.6290643157
      293.0000000000     1030.3835854917      -25.5228872728
      293.6000000000      969.0080334807      -22.7145064011
      294.2000000000      910.6731021100      -20.1809264045
      294.8000000000      855.2803166652      -17.9001342198
      295.4000000000      802.7297999526      -15.8511818275
      296.0000000000      752.9207953560      -14.0142431743
      296.6000000000      705.7521486830      -12.3706484977
      297.2000000000      661.1227496037      -10.9028991739
      297.8000000000      618.9319337070       -9.5946660127
      298.4000000000      579.0798463925       -8.4307737059
      299.0000000000      541.4677699760       -7.3971739065
      299.6000000000      505.9984155155       -6.4809091792
      300.2000000000      472.5761809719       -5.6700698301
      300.8000000000      441.1073773927       -4.9537453941
      301.4000000000      411.5004248674       -4.3219723355
      302.0000000000      383.6660200361       -3.7656793113
      302.6000000000      357.5172769491       -3.2766311480
      303.2000000000      332.9698430776       -2.8473725042
      303.8000000000      309.9419922584       -2.4711720235
      304.4000000000      288.3546963301       -2.1419676363
      305.0000000000      268.1316771782       -1.8543135316
      305.6000000000      249.1994408593       -1.6033292049
      306.2000000000      231.4872954203       -1.3846508832
      306.8000000000      214.9273539621       -1.1943855400
      307.4000000000      199.4545244362       -1.0290676351
      308.0000000000      185.0064875846       -0.8856186509
      308.6000000000      171.5236643656       -0.7613094423
      309.2000000000      158.9491741272       -0.6537253743
      309.8000000000      147.2287847167       -0.5607341848
      310.4000000000      136.3108556354       -0.4804564831
      311.0000000000      126.1462752733       -0.4112387747
      311.6000000000      116.6883931807       -0.3516288853
      312.2000000000      107.8929482618       -0.3003536495
      312.8000000000       99.7179937029       -0.2562987205
      313.4000000000       92.1238193785       -0.2184903581
      314.0000000000       85.0728724114       -0.1860790466
      314.6000000000       78.5296765002       -0.1583248040
      315.2000000000       72.4607505649       -0.1345840403
      315.8000000000       66.8345272070       -0.1142978341
      316.4000000000       61.6212714217       -0.0969814989
      317.0000000000       56.7929999525       -0.0822153197
      317.6000000000       52.3234016296       -0.0696363488
      318.2000000000       48.1877589879       -0.0589311527
      318.8000000000       44.3628714205       -0.0498294173
      319.4000000000       40.8269800853       -0.0420983177
      320.0000000000       37.5596947464       -0.0355375738
      320.6000000000       34.5419227008       -0.0299751153
      321.2000000000       31.7557999112       -0.0252632878
      321.8000000000       29.1846244385       -0.0212755391
      322.4000000000       26.8127922455       -0.0179035302
      323.0000000000       24.6257354181       -0.0150546194
      323.6000000000       22.6098628362       -0.0126496768
      324.2000000000       20.7525033031       -0.0106211875
      324.8000000000       19.0418511321       -0.0089116084
      325.4000000000       17.4669141735       -0.0074719470
      326.0000000000       16.0174642532       -0.0062605339
      326.6000000000       14.6839899853       -0.0052419638
      327.2000000000       13.4576519106       -0.0043861834
      327.8000000000       12.3302399093       -0.0036677076
      328.4000000000       11.2941328253       -0.0030649451
      329.0000000000       10.3422602391       -0.0025596209
      329.6000000000        9.4680663187       -0.0021362809
      330.2000000000        8.6654756789       -0.0017818681
      330.8000000000        7.9288611724       -0.0014853607
      331.4000000000        7.2530135395       -0.0012374626
      332.0000000000        6.6331128385       -0.0010303400
      332.6000000000        6.0647015812       -0.0008573968
      333.2000000000        5.5436594965       -0.0007130835
      333.8000000000        5.0661798472       -0.0005927350
      334.4000000000        4.6287472240       -0.0004924324
      335.0000000000        4.2281167455       -0.0004088866
      335.6000000000        3.8612945900       -0.0003393387
      336.2000000000        3.5255197917       -0.0002814767
      336.8000000000        3.2182472312       -0.0002333641
      337.4000000000        2.9371317564       -0.0001933803
      338.0000000000        2.6800133691       -0.0001601700
      338.6000000000        2.4449034171       -0.0001326003
      339.2000000000        2.2299717321       -0.0001097251
      339.8000000000        2.0335346586       -0.0000907549
      340.4000000000        1.8540439178       -0.0000750308
      341.0000000000        1.6900762576       -0.0000620039
      341.6000000000        1.5403238378       -0.0000512168
      342.2000000000        1.4035853047       -0.0000422885
      342.8000000000        1.2787575109       -0.0000349022
      343.4000000000        1.1648278385       -0.0000287943
      344.0000000000        1.0608670848       -0.0000237459
      344.6000000000        0.9660228753       -0.0000195750
      345.2000000000        0.8795135660       -0.0000161305
      345.8000000000        0.8006226033       -0.0000132872
      346.4000000000        0.7286933095       -0.0000109411
      347.0000000000        0.6631240641       -0.0000090060
      347.6000000000        0.6033638538       -0.0000074105
      348.2000000000        0.5489081638       -0.0000060956
      348.8000000000        0.4992951878       -0.0000050123
      349.4000000000        0.4541023320       -0.0000041202
